440 merx.

Quodlrhet, 88. 110 1011110111 011111, 884, 888, 889.
1101160 Catholice, 85. 1103011101 (11111) Hipponensis 001110.
0111111011οι 60 Μ110, ib. 80111011, 88, 69, 101,105‚ 117, 118, 119,

nemetense. 110110.
ln librum 8111001010, rh. 1100101110 01 8010101101, 56, 98, 118, 118, 185,
De 801111οηί1111 10 divinit, 111. 188, 149, 150, 158, 184, 851.
Contra impugnantes 8011310101, 888. 80011116100, 87, 110, 180.
11010101011110 (3111111, 418. Consentinum, 109.
Aristotelis, 110 (11111110 1101, 181.
10111 803101, (111000, 861. 11031111, 158.
111108, 868; 0001 310111, 890, -- expositio ejusdem, rin
801, 808, 808. Opera Vario, 88, 89, 84, 68, 69, 70, 100,
Phyeioorum, 868, 886, 889, cum 3101111, 801, 108, 110, 111, 118, 118, 114, 115, 116,
808. 117, 118, 188, 188184, 185, 186, 187,
Meepnynoomm, 101, 110. ree, 111, 111, 1111110110, 111, 111,
110 Coelo 01 Mundo, 868, 864, 889, cum gloe- 178, 179, 180, 188, 188, 184, 186, 848,
11, 808. 887, 888.
110 14111011, 869, 890, 011111 310111, 808. 8100101160 eodem, 11, 198.
*0010110110 110,-1111111.
8111001001, comm. 1111111101, 86. 110 merione, 188.
110 generatione et corruptione, 886, 890, 111000111081111101, 866.
00111 31. 808. V. Averroer.
De Meteorie, 890, 00111 31. 808.
110 Somno ct 11131111, 890, cunr 31. 808. B.
De Vegetnhllihun, 890, 00111 31. 808. Baiter (1101.) 1101101011 111 60111, 418.
110 10011101 1001110, 8900111031808. 8116111001 1101011101, (1111111 10161011) (le 11·
110 memorie 01 reminiscentia, 890, 0111031. 0111110010 Α111111, 880.
808. 8111101 (Rich.) Biehop 01 1111111110, 0010011888-
110 010110011111, 890. 8101010011 8111100111,
8011101116 Alexandrum, 871. Super Decreta, 855, 859, 881.
1111011001, 11010601, 8111103. Abbrevntio Ordinis 1061011111, 886.

1101031061 811111, mentientium, 868. 0001110001 Jurie 1311100101, 808.

1111001111 1101111131, 0080011001 01868, 884, 414, -—- Ρ1111111,81111101, 888.

488, 488, 484, 480. 8111101101, Epitnme 1111101010, 416.

Alphebeticel 10110101610111, 488. 8111111(0101010111. archiep.)

Grnntn 01111111, 11. 484. 8011010100, 148.
’11011110 on 1111110110, 885. Regula, 158.

1110111011 (111) Medionem, 418. Admonitionee, 111.

Athanasii, vin Antonii, 178. Observationes 10 textum, 889.

110 exhortatione Monechortrm, 178. 811110 (111.) collectione 011011011 1061101011 10-

10111011, 80111011, 180. latire to, 886, 848, 416, 417, 418.

81011011. Epistola Hortatorie 16 Cerolum Π, 848.
Comm. in 1111101 verine Aristotelis, 869, eet, Coneirlerotionee 80010111111010,111106οΜ1101·
886, 887, 888, 889. 1111118801 proponite, 11.

-- 10 1110010101, 8811. Petition to K. Ch. 11, ott

 

