454

(1661116661 1666163166821.

INDEX.

116661 Writo, collection 61 Ρ166666616, 896.
1161161, 161-1161611616163. 8611661661, 174.

06661611 Dei, 86111616 ad 6631611666, 169. aym, (Comum) vflmfiffl of 66,,εῆ

11.
1116161 Μ6611,
1111111116 16 Ecclesiae, 46.
1161611116, 66.
116611166, 99.
8116661116 16 1111166616, 166.
81661611, 888.
1111166661, Summe Τ1161611161, 166.
11111661 (Gen),
Letterr, 848.
8611666, 844.
1163616161 (Μ661661 11666116.) Vite et 6111161111
861 661666111, 889.
1163166616, (1466. Ρ1616166111) 0166166, 800.
1161166 (611636), 1666136666 16 16616 66611166·
1163 16 116 61161166, 416.
Remigius, de 11111166, 888.
1116616166 111166616,(16111611111),
Incendium 14166116, 240.
De Amore Dei, 241.
Μ66111116666, 81
...- 16666111 (86. 1)666161.)06611116116666,
248, 276.
-- 116 816616 Victore,
116611116, 188.
66 contemplatione, 28, 229.
de 11616 1616116111 1161111616 6611 1661661, in
8166116166 (8116), 161111611166 by Christ, 76.
111661666616116, 8111111616 11616 1166611616 16111-
1111 16, 428.
1166611166 1661116 (86 11666161.) 066161666661,
248, 277.
116611 (1616166 11) 66. 6111111166, 1466666161
61, 881.
116361 (141666. 61 York) Life, 882.
-- 66 1161111661, compendiariam 6161116,
167.
11611, 1611316116, 486.
8616116661,
66 016166 1661611116, 284.
116661166 (11666616) 8666616666, 870.

sot.

· 8.
81666136 (Μ6661) (36611611 61, 869.
061111 11611, 429.
8166111 (1111611.) Rhetorica 16611111, 888.
816661166 (1166.)
06 1 young Scholer'r Librory, 896.
861161 Decretorum Dei, 111.
8666611111 16666, tractetur moralis 16661, 285.
8661 (Μ1611.) (3666166116 Aristotelem, 264.
86611666, 1161116616 0111661 ond iurisdictione in,
428.
8663168616 (866661) 1666661166 6666, 869.
8611611 (1116111 1113616661.)
vita Sci 01111161, 244.
8666616,Ρ16161616, 116.
Sententia Philosophorum, 16.
-- ex Augustino, 198.
861311 Papa, 86111616, 142.
861166 8166611111, 191.
Sermones Anonymi, 228, 282, 889, 412, 418,
417.
V. 8111111.
861611, 86161. 66 1463111116, 129.
861611661 1166111111, 94.
86111666161 1116 116116, 11661161, 68.
81161666 ((1116.) Α16116.61 Cant, Carmen Pane·
36116661 16, 896.
8616161, 8111 66661661616, 856.
81611111 (wate) Bp. 61 Durh. 86116611, 868.
sinaragdi,
1161111111, 64.
1111661116 monachornm, 149.
8116661116 11631116 Benedicti, 164.
86636161 (Lord) 1411113616661 666 confession,
888.
86616 861 (16166166, 11666116 66666161113, 166
116166, 428.
8666111166, Enquiry into 1116 Antiquity 166 pre-
166161116 61 166 Co. Durh., 481.
86661111, tractetur 66, seo.)

 

